31757
13326
1144
1659
6356
18734
15766
27358
4827
7291
16359
24977
26647
9242
339
20539
20639
19030
27733
30080
7227
27193
30310
23802
23728
31214
12586
5880
26830
32470
16989
12281
1077
10092
28284
9191
14315
9945
8755
18707
10144
11862
9866
28404
28603
8262
27598
11423
22572
22799
5952
6918
26609
10684
16256
30448
9573
24660
951
26300
3915
31224
27015
24533
6814
23230
11700
26612
16662
10064
29583
11801
27770
7237
32550
14151
19113
32571
26157
6914
22118
1464
25514
2953
8422
19910
14948
9684
10267
17480
21001
17740
17855
5406
31522
22348
799
253
1463
27228
23980
13579
5826
29992
18499
61
26708
4418
30008
625
24713
9628
13604
12618
11053
15555
30323
20175
16939
732
12716
11715
4281
10080
20095
24514
7493
7831
19856
10528
26142
32469
17158
22145
23779
30071
28114
20536
11436
3996
30655
1888
14074
21156
10814
6333
29535
24682
9199
16720
7660
9025
23279
188
24671
15791
30692
1371
25097
14828
21961
15903
27265
13593
12922
11819
779
576
23551
24109
17094
271
26264
1922
12695
9300
14221
21767
28120
25655
28850
21952
193
6203
2236
32043
3474
29939
7239
19810
18310
10628
17315
1779
23160
22750
31074
31360
12881
27321
23970
22549
19769
28754
25115
6220
1145
6370
10983
23330
30770
29155
12308
22680
2496
28418
27628
16137
4331
30178
8703
6990
14292
27031
2805
9876
10650
29149
28949
5624
32719
31260
2452
18407
6814
9244
5790
27448
20408
10888
7718
31750
7171
28452
16750
12879
17410
12494
341
15950
3842
9526
31588
28312
2314
29277
27542
7160
30592
17358
32491
30476
27803
30623
17067
5020
9612
7974
15483
19901
8044
20348
30497
25770
3812
32179
4119
26461
9886
25303
4561
20209
22639
9125
9934
25271
32065
14349
29025
16922
4033
20073
5180
12339
26062
9851
14273
32043
5276
8233
6152
10580
27564
31223
26544
7687
12908
31560
4966
6203
5293
1620
12855
8426
27081
19944
11925
12068
17040
10977
29739
20463
27127
19814
11873
28646
17535
17897
25517
8845
14950
8667
31135
885
6289
6194
28075
3347
5172
411
20149
353
23879
6271
17247
16434
27561
15544
10514
10070
29456
14096
6093
22642
10680
14462
22192
156
19911
4383
3399
32185
5506
23285
15768
32150
30258
5219
21227
29385
28116
26212
20828
31558
15235
4751
29217
5312
12966
17611
14492
15045
5337
17617
19488
19096
7836
17254
8835
18637
12990
16214
18280
25767
20615
15920
19529
21809
16552
21699
11591
27679
9444
15195
14001
31330
22138
27067
14166
25229
16217
30426
2955
29930
6659
14430
19707
29019
17469
24025
13105
19186
4220
966
28902
2384
16910
31298
6668
25534
8203
15242
24214
29197
19195
20024
9742
3885
16708
3901
22484
18832
15962
8093
23607
32060
24741
29166
8757
29619
16945
13198
13842
9603
28696
3495
13467
31147
27823
31204
10039
7860
10355
9968
5299
22923
7602
10419
21193
26145
31481
28747
25717
17857
2113
18380
28920
5940
13016
19896
8105
21654
27664
11325
25727
4854
18091
2097
2398
8113
32513
25550
36
6028
23031
28973
18803
21394
1696
4227
31804
18355
28336
30239
14864
12057
8613
13343
7207
8777
18100
9205
25900
29439
16756
27550
974
27078
30028
6812
12807
16729
21406
6840
15658
31676
8368
28793
17071
27930
7006
1890
28095
6237
29570
1519
382
14736
15135
25934
15386
6644
15952
18654
24216
2531
28147
20840
25945
7273
18708
26656
15727
156
28955
15705
674
5311
21686
30475
4672
3866
7556
19207
32424
22679
19590
244
12181
29980
12614
6161
15147
5548
10181
3241
17347
12349
18726
31061
26231
14679
31515
4084
1644
23409
2579
9835
226
18443
14880
21277
5629
32394
31402
21801
4688
9432
10454
17511
1327
19896
3252
17696
4017
18666
32043
15247
6279
22786
22180
15131
28800
27400
12409
11602
13272
11216
32028
27813
29764
5912
263
20198
30654
23651
19559
23426
6160
13720
9096
10622
3874
2905
511
8498
15365
804
9369
7624
11451
21292
17926
10868
30924
30709
31301
22385
14474
10162
21711
25279
9503
8030
17795
12445
11611
9628
22612
20424
2879
24400
17332
1394
9800
20985
29119
7425
20093
12245
28712
30604
7224
18867
29412
5910
180
17046
21912
8584
21338
24846
18371
6000
26571
6743
4011
14972
30892
13102
4105
24501
29493
4727
31860
10619
28537
8592
26766
25924
24947
22131
7664
2323
20180
17294
25814
3258
5518
18786
11146
6865
3872
17885
14481
21874
7328
23928
21400
10937
26506
14864
4381
29951
25418
23430
11486
25297
23435
22037
7938
25266
6973
6774
22536
3733
30825
9141
20339
21273
20660
9937
20786
20098
17076
8214
13777
9083
12278
23099
29026
15246
21452
19259
9513
13663
31447
25332
8202
31404
10072
10112
31155
14853
11829
15191
13449
16458
6350
10529
4692
28137
22397
4444
1961
17364
4335
5554
31259
17477
6694
7703
13601
9009
25418
21414
16837
653
25907
27961
3346
13892
23478
10698
2363
19443
22707
5261
13707
21098
31707
28361
14608
7395
23362
23418
31751
32256
26792
10408
27654
13958
24455
21125
22252
5084
2012
7241
2185
31297
22965
23246
5900
22224
19839
19691
2608
13621
25869
7568
18726
29997
14696
27558
31553
23487
6489
29604
18275
31804
1207
14065
7723
13559
4209
15613
31452
15301
32602
18973
18188
30259
7095
10282
19729
6538
7562
23769
25899
20100
10653
27097
18801
21707
13645
29359
15485
25141
23324
25681
28375
14785
27636
31364
20258
13905
18748
16117
12552
17701
21404
24090
30439
3099
31377
28102
10808
14249
14512
399
11971
11414
2233
10464
31877
6523
8035
13020
3164
9213
30177
21497
25464
11719
28984
2393
27010
27978
12864
21991
30089
22068
23163
13622
15793
3505
20889
24602
5530
26212
22471
16130
10129
8228
28859
9756
5241
26487
29569
14118
9848
20687
19202
1301
609
19334
13145
21865
996
18587
32726
6987
12407
4394
13774
2156
27907
2221
2089
20380
25167
22261
32681
29996
15405
13798
23546
18693
12135
24309
31103
26245
29287
21603
18391
22045
5288
566
7473
11435
24800
29436
29268
17560
13802
5183
21357
27825
629
18119
4503
10438
20335
13970
301
24581
1327
13972
20687
5396
22373
7215
17717
1008
961
22128
26038
16776
20326
15631
26007
14616
28429
21285
22036
9031
17913
31147
27952
21247
10143
19895
27965
29712
2065
11893
31019
6020
18222
9958
24976
10688
651
14171
13947
11871
6688
15024
10745
24014
21427
25417
3939
167
18692
3022
878
9422
3261
22438
2288
2126
12824
24372
9843
22001
9038
25556
20603
4001
29379
18324
11415
17025
4851
17586
31018
24779
8474
8410
9718
23912
11942
22556
26989
25937
13661
31663
24248
21160
8782
16488
30851
13717
9081
30968
21647
3809
9277
30696
15349
6229
9350
5462
23611
14033
22195
21613
1304
29227
12360
25765
30471
3789
22872
31424
3726
9485
9904
15744
22603
21067
2755
16936
22979
24524
10586
21689
6890
31577
31224
2025
15474
23959
9486
18659
9940
31269
2019
29378
7711
5496
2881
7627
18051
23670
14560
9836
26013
22995
15252
10232
27776
25903
13877
26400
5767
26604
7506
26673
10461
5073
32661
11536
7881
26464
26868
22261
20154
7159
19613
10218
21526
22953
8606
8194
18883
19674
7768
12890
8561
31132
16034
19921
9134
26828
188
13703
25767
2796
1274
25878
14783
27839
31788
31891
31698
6567
4304
28739
8774
18366
14071
30749
726
10678
3831
31492
16925
625
18134
29121
16613
22112
9841
32194
4653
22172
12911
12180
17916
25029
4586
14626
5352
13982
8919
1963
14437
13413
26937
388
31694
17651
17673
25491
21045
19608
6884
31367
31979
15284
23410
13272
3790
7701
5530
17026
22613
17428
32616
21377
2140
24942
8633
3595
3504
15843
4780
23440
1370
21393
27336
13170
16812
30477
24813
26244
13837
25926
14588
9796
21380
21274
28998
17369
8709
23222
23221
25291
8831
25262
1980
7044
17825
23264
15872
18826
880
27400
22211
378
24458
28451
14869
27331
26167
23941
24761
31016
28213
29369
2264
16883
11072
16156
2408
26874
23907
29240
28762
24915
10497
32737
22406
32214
25506
31506
7255
3415
24959
17029
26166
32416
4044
23316
10167
18481
26567
5074
1670
4023
1669
20456
22031
19789
30071
4657
4336
26228
28607
9877
32032
31955
12341
1318
26332
27824
5175
19196
7765
14122
7988
25809
9243
21564
11000
18267
12359
10354
20661
20845
107
6760
22229
13260
6203
1032
12161
31442
24824
31615
21489
5573
21408
12292
2162
30709
6615
22088
21817
12183
20883
24763
16361
3684
24459
32645
4582
16369
31837
9279
14167
27085
26754
1397
765
12636
29426
24029
25271
17270
16022
25428
20689
14783
29298
12700
3600
31172
16526
9431
28798
27098
28585
24514
21238
6071
21405
31155
29038
11469
24721
4177
15879
19562
17632
14613
31446
14225
13772
3716
9328
21142
23267
21801
31031
26747
1069
29780
10599
18445
5915
16021
31712
5822
24111
17911
29617
30017
10090
14333
17000
20968
23930
32094
4892
1213
1952
6527
31287
4450
23651
1460
5636
10921
21238
1079
11260
21490
24426
9956
20176
15432
17812
1466
22838
12090
11964
24850
18804
14203
28170
11165
18861
20281
8113
14367
28910
14909
3800
1773
2296
26055
3661
28455
25803
27175
12264
8118
5111
2587
1729
13316
32418
19436
24593
22654
13912
2119
7913
15051
1941
2780
9877
16841
6164
8376
32717
18764
7638
12387
9377
23957
31473
14265
7970
12948
18973
19337
26321
21214
10240
29935
10441
17004
17717
2162
26283
4377
3358
21212
6221
6362
28014
14301
15394
25531
2677
7774
615
30109
27690
18086
32531
30129
28666
26159
3708
29619
2899
9542
22729
17639
10991
23141
8219
13524
15073
8016
17786
1475
9056
7154
12417
31990
18007
8949
1482
30377
18856
31779
22551
15818
14916
30847
16453
9079
21484
11298
2033
4667
31172
27095
21223
6408
11164
23670
29519
10740
1022
23041
21654
2228
2807
19584
10525
9433
27046
19612
18084
23500
19078
18942
23925
24202
29307
23909
30288
14112
24221
8329
25370
10726
29384
10163
3652
28283
1248
31001
21756
31876
20709
7675
22550
26660
8634
10622
28601
2617
15028
20811
11722
28764
19941
29671
6936
20631
2855
10449
6988
31973
5095
13917
9102
4714
24503
2387
12280
24695
23953
2630
9147
17212
24044
27830
19
28234
4481
21477
7660
25296
10458
27001
22098
3474
24735
16855
17817
18600
1696
10809
5456
15612
17313
15509
30950
24449
13801
21806
18714
1587
10377
17910
27172
20691
29549
25514
26789
24928
20516
18604
31055
8276
12143
27039
18260
2212
23435
22469
15760
14197
29502
19736
13941
15262
2468
24105
16058
24801
30391
28092
22211
29417
9375
15905
24271
13315
26047
15441
6628
924
8059
24780
29562
28799
21963
16948
29674
13003
25473
13737
3988
18869
27482
6372
15571
14595
19910
8722
31906
8772
12151
20854
16907
13776
23724
24765
25683
14210
5434
19488
2023
4920
3423
20796
10756
15623
12102
32689
15146
22847
26970
14204
29758
26658
5451
12565
21122
29027
17377
27464
26165
27488
31107
6868
24585
23071
10118
30661
2377
25098
28215
1169
4807
19050
29607
10997
26246
11173
23353
19085
26668
17720
10732
5430
20518
14194
9065
21796
3481
7414
27596
30914
23308
16366
31282
76
29142
26383
10247
10542
2121
30289
26892
29467
1691
24428
30763
23278
7832
7697
1274
26433
12810
15341
11793
25294
13283
6239
21516
24712
28720
28659
4447
25976
26302
24486
25309
21593
9354
24537
19718
30450
18410
29457
2579
16695
7036
1140
3267
10783
29650
12803
25571
13892
15322
32408
19104
4156
23567
10143
29068
19129
26721
6804
19570
10339
16613
17984
28890
1392
4412
17331
20827
16137
23237
4864
24995
13405
30082
26555
28487
15745
13259
16691
15179
13326
5301
19056
8305
27001
12607
15851
21058
10032
20546
18704
221
5242
19735
11124
28035
7691
15621
3542
15326
15210
32625
19671
3092
11779
9413
13177
10640
5643
22556
24921
23179
31000
14258
22701
7260
5756
18446
28667
22661
9573
28140
9119
24185
22709
6892
762
11822
17570
6397
13690
24423
525
8328
21326
12735
11171
9564
3558
4468
4278
1628
25645
7417
14809
3050
24198
30522
6973
24850
3720
29357
4303
29559
20088
24861
13
26110
31882
5173
15276
572
11735
23247
1259
21664
5406
1786
18101
24416
6458
18637
26233
4132
22375
27119
18122
25717
3381
13793
22454
26852
9800
6930
20710
32506
27093
20641
29050
5603
988
3312
24993
16857
26149
6381
4603
24145
15613
19487
13488
9960
29613
15730
11341
29452
1215
13507
3170
106
4592
10539
2012
30747
32756
22540
26915
6798
4588
16605
28658
15923
16552
4533
12538
3309
18844
20633
21302
11317
12708
19845
18189
15374
14199
10556
21289
22700
29165
31951
4889
2787
5616
28143
17321
21329
8260
15348
30973
15434
24310
4521
6768
7816
5797
10205
16431
1167
16244
1195
20115
22754
5579
25476
27458
19176
31440
4609
10246
5787
24744
19818
32616
6902
15982
27910
32532
27420
18415
25888
15340
17992
25900
28382
27626
8824
9613
24769
16822
13785
10981
1019
26123
10993
18473
29300
10954
27534
20464
18843
21467
11890
20138
15853
4551
13243
11424
23366
2582
23572
29615
32234
2409
1694
13508
20563
15192
24988
18710
22968
1033
6624
27431
26978
22421
5369
25464
27310
11035
8730
17679
28128
23456
19913
30121
29102
9901
17483
32191
14729
4262
28370
23611
15529
21740
14181
23031
31199
15282
8075
6394
15386
29088
5567
23409
7094
15657
13715
15983
18568
11693
24226
25700
26794
8270
20023
19295
6151
13970
10174
19203
21669
6845
6126
30283
25526
11756
32436
23805
31581
31729
19422
26863
15680
4338
31372
21245
19921
3264
22359
27590
5212
4088
32062
13353
28625
24284
13653
386
27727
21999
9516
10661
17780
3154
30720
29334
16743
16353
28324
16910
12450
26381
557
18607
7808
1144
1376
9473
32394
6226
28893
14900
25217
19318
17928
13973
1323
12355
13499
1484
13790
13627
28588
10971
28878
9566
23455
15830
12310
21060
1357
2402
16775
17405
2576
1008
11572
2728
24403
8375
30906
3542
9404
13427
21328
30108
27926
27103
30354
2426
10752
499
18444
8431
9815
23518
1929
472
15205
194
5658
18572
11462
12081
8677
13753
22302
8811
17075
32253
7548
4437
21303
30532
16781
8505
4895
16356
4737
18496
24028
15226
7869
23472
562
386
21573
17893
1663
6584
15335
8209
26059
8754
15144
11187
4499
15162
2288
26585
17493
21741
16629
15893
28891
14996
16871
832
23112
30661
16992
18417
8419
29498
18570
13499
20390
23404
28814
28202
13958
16631
11712
15484
7553
31405
29323
29472
7273
12151
27422
21488
9074
8688
14035
27181
124
6592
19556
6462
27937
1720
29900
23336
29054
14770
2302
27340
10178
20262
24137
21988
11384
10124
3462
12988
18324
2422
263
30128
6719
18793
30015
8809
23906
4991
22577
21718
31988
12989
13209
24044
7172
29237
3549
28702
19846
29659
28082
6043
3549
6440
27790
31307
18732
22896
978
7047
31325
8708
179
8091
12013
7175
19180
19196
31614
29713
27173
14664
11547
32645
30241
2051
17224
23474
23979
28939
32465
25260
12350
4320
4432
4584
22135
21654
14715
16026
25915
19350
22579
13263
30632
22808
19020
5706
15292
353
4893
10782
7624
20156
9159
22031
16018
2617
19270
169
8269
17448
6969
8990
13882
26707
19825
11745
17178
23039
30267
6915
12890
21409
3949
19024
22525
1633
10291
809
17225
13648
17815
14367
4145
18536
16338
26708
25477
4935
10324
14994
32220
19371
1173
11816
4413
27564
27034
32136
17808
31677
17478
3746
6087
96
23142
3326
32716
1964
20602
2460
2345
4736
16452
15500
19065
21893
11282
17484
26514
3557
23244
32484
2671
26061
26813
22723
32480
9379
6433
11608
23792
9991
13427
5488
28186
23179
32627
16210
14634
14643
5881
11420
24821
171
15484
29147
16824
8523
24417
21485
31057
8395
28421
24344
17952
27846
16777
21478
26810
22768
7008
1478
29780
17686
9114
1892
14826
9946
20717
16579
14898
29484
7048
19232
19012
9096
32664
11911
22278
21233
7319
23857
29529
11953
32087
2212
7429
14029
21714
11401
25701
2634
15278
27468
25297
15139
14995
6262
11216
26117
11565
3274
9466
2512
18944
8225
28847
23246
23279
25861
22394
3505
29322
528
23618
22095
10778
17667
26422
5660
13422
19365
13174
30315
20836
24162
27522
27236
28214
22687
8291
21700
32394
15070
1947
19800
23096
17046
11214
16951
11225
9168
31789
28866
15379
16513
26278
29277
9639
31147
26829
22762
15927
30258
17288
5898
16344
31615
15741
12306
32604
13270
8253
27599
15196
32375
23597
2554
20488
9592
32568
12665
23470
5469
27191
5980
8203
29309
28955
6546
11349
10260
20960
18799
7172
19751
11825
8670
30308
31515
29659
25957
31452
29204
24564
24542
26107
9998
2248
2031
31560
6078
6790
15438
24518
38
12975
6326
4425
19963
1594
7848
1659
28086
16007
11746
17325
19836
14602
2208
28767
12719
5556
24469
14734
14160
16416
8616
3264
8219
24451
2927
30672
17504
22864
12908
14714
18083
21166
2058
20133
25843
23706
4182
2163
1035
14044
18557
30475
20522
21931
30985
13601
4018
5663
28635
24650
898
19803
24039
18945
28949
7798
21682
11640
12887
17198
8077
30240
26443
13131
29838
25335
9566
22229
14675
4757
16520
12021
22390
17396
2600
8619
23759
22530
8604
21557
25452
24552
12963
16443
32081
17432
15732
28603
8176
20505
17563
2999
19303
12050
31894
10656
27004
9496
22835
896
8281
4407
5287
1771
5383
1090
3182
26276
22955
30811
4071
6926
899
30017
31915
32089
9376
11612
17585
26984
9569
24458
14882
4740
14771
2471
15613
30403
28170
14302
9835
7478
2078
31923
3551
2773
14182
24012
17397
6699
20821
16770
7944
8641
5463
10540
30097
5452
13450
17446
25155
3478
6461
10147
11751
25389
10793
14135
31479
18381
1393
2595
3837
2701
28507
22880
21929
29388
28876
17002
31157
24027
24965
27345
12153
2920
23072
20609
3405
17581
18889
21196
3490
19036
11196
16444
5855
13641
6273
29979
9469
13781
12010
22206
28897
24094
4297
14230
12669
25320
28530
28660
21157
32586
25588
14239
15793
26392
3862
3096
4056
29716
15635
12199
23111
31187
2325
3374
18436
27761
15475
3241
17798
17908
26027
9352
1552
22145
25374
13229
721
27457
23950
28739
20413
30737
28248
30532
25129
12268
28016
18633
9513
14360
8993
15632
30634
25107
22914
15951
28750
6204
2487
21307
778
26946
8429
18007
25730
24141
6419
30205
18207
2030
24921
6446
19958
28103
21097
1305
20825
19706
10856
16236
20793
20819
19627
26974
12610
13620
16697
20345
6836
29764
12293
10792
8194
31959
21480
23300
32301
3099
8544
13023
6111
8456
7435
3212
1607
12805
7649
18548
23479
4443
30516
29914
29695
11354
18025
12009
28295
4429
24692
2179
11822
26655
6933
32456
31462
18890
28116
19816
8460
8835
9917
10921
10888
2727
11996
14391
3497
16995
6775
13487
28093
15398
270
14826
18803
25032
22803
5130
13042
119
21353
32069
28085
1894
29343
19060
3629
1332
23017
21594
30484
4124
4066
10677
20627
1250
12548
22023
21779
18553
19939
18721
4067
30836
28972
11124
27022
13875
2401
11031
7674
30922
12882
3479
30785
4528
6746
4738
28751
20524
32607
29362
1600
28543
32647
2138
30582
15314
14779
27602
10621
6622
31196
4386
26272
23901
27848
12880
18504
6708
6155
4714
27415
23645
4453
25938
18632
29334
12800
26700
21445
14283
16750
30537
12421
1860
21604
10993
10412
18319
23352
19314
13280
14379
7196
9227
12908
28153
5400
855
13719
10851
457
29786
29122
31049
219
31821
13892
16816
5448
26921
1798
13609
32589
31989
13277
18947
10545
464
2475
11312
9141
4798
31028
20728
28250
9522
20416
6495
1877
8031
23926
12119
32595
1855
9587
2470
3309
5728
29613
17045
23529
15985
29835
11614
5174
27280
10816
22099
21670
2385
23531
22990
7529
11150
23152
15836
26189
17393
14100
15016
23735
21314
18394
7593
1376
3441
5537
13195
15825
17251
4090
25822
22940
7549
8907
29057
22368
29425
2469
30413
27002
18891
31972
11393
20107
19386
5260
1136
13742
15263
31966
6380
10870
14295
22717
5617
17578
21833
28100
2321
6080
24366
30244
17443
7706
18339
13374
16043
7170
5360
9220
8712
13927
22422
26128
27744
14677
29978
16513
22092
18998
21396
20889
26434
458
12790
20503
25798
10728
14621
30037
2128
6898
4505
27938
10236
29977
2621
26461
15860
12630
7013
10070
31389
17955
21258
11492
19844
23549
30087
21318
4359
19867
24360
442
17603
28651
29304
18911
705
24017
8007
4043
7007
17311
20093
6124
1024
26194
16034
5791
1139
25234
7465
7570
20260
24424
26751
730
28677
12477
26328
7635
15930
9622
15796
30139
15495
32273
30259
15886
5242
17695
31262
15519
6232
2559
21937
30075
30664
13694
18986
14461
4929
30448
32018
27825
6709
1260
20558
13673
24570
11723
12004
19745
4989
29663
23182
12820
17829
12660
1537
154
27272
136
18426
5960
16720
25161
13069
24774
20204
25171
7725
24430
22390
12710
27130
22186
615
30057
20174
11786
5501
17760
32646
27176
29287
5679
11536
22332
17206
2892
14009
16766
388
27845
4916
22335
17506
15543
15977
4294
259
10378
14339
14827
10793
20973
24248
31093
23123
11157
13399
29237
29859
26037
22163
23007
26769
9788
14481
8619
1106
2257
26931
3247
518
8847
29218
20475
15268
1408
7070
6258
12710
32731
8453
4715
20596
4861
8740
20235
8337
24105
23873
9056
19847
30976
32228
23870
12179
31167
3177
27098
17425
9018
19015
18984
16550
30364
1822
28916
11567
9436
14978
26306
12396
7166
28298
20327
31596
11278
18199
11620
32696
32733
12772
32517
23615
25978
2898
4414
11525
8815
17393
9280
10634
20417
21198
15838
15867
31141
127
17827
2843
32514
22255
18095
30959
27819
16874
29526
18476
20569
11367
18039
20065
16233
9881
24220
18660
3419
24756
28374
29310
28166
1663
24918
18390
32668
18334
1995
9886
30818
6301
30079
13183
29740
30908
24369
12997
7577
18557
7344
16330
12052
31982
10300
3876
1926
15287
14236
10126
20187
11234
19199
15767
26171
1901
19859
7692
8197
14737
9191
21286
31627
5584
17409
28788
24720
29633
13119
12679
5762
15259
1518
22367
29559
12163
15532
28824
32490
32149
7038
30804
1074
26292
22192
30695
20678
1554
12656
5957
6706
1406
27177
18476
18392
19057
4256
30737
7271
26583
8657
29900
31517
24733
1415
28675
17596
1790
18878
19798
2125
1166
14264
10063
920
22275
7905
14088
12126
19910
29028
2713
21341
21566
3721
13896
24065
5335
22229
27760
31722
16596
26080
10285
11042
2266
3572
22221
17946
4664
29034
11254
17001
29943
21957
3223
8005
3749
3211
15503
16317
13794
3559
15136
11452
6823
8448
31250
31422
24409
11799
23463
20303
13970
5731
9026
16968
4522
11692
17622
5833
11271
12713
16143
2037
32553
23323
27715
9584
27508
25766
30231
31642
8636
9074
22513
904
6547
3461
7201
5830
8274
18910
16334
25295
19688
9810
27042
6217
25701
3880
24373
20993
31557
25715
25915
28585
24445
18738
30316
24659
5959
18472
32054
6316
174
27260
31781
12537
24024
7185
20750
26323
23063
31139
32511
32418
21422
25766
10982
16603
30307
30943
14084
3833
29385
16319
10511
19517
24138
15746
18218
5669
2038
13324
6021
2220
19983
14206
11988
2631
16464
28827
31089
23452
6913
10462
27472
26368
26300
31831
17062
2999
18684
19785
18777
24811
20843
21893
16678
11368
20456
29061
26260
2333
32602
327
13980
31059
4407
31471
25365
24746
26067
2844
8673
8664
32105
24326
17114
23585
28139
29788
14458
1174
27017
2783
32588
22285
8707
5054
4118
23268
5295
15024
18627
30581
2889
25812
30739
21591
23934
16712
30721
346
16183
18315
759
8769
10150
16275
12212
6717
7441
12205
16377
29486
29025
19481
11767
31897
15209
17505
9336
24167
6392
2685
19919
7011
1437
28584
9601
16241
21053
13056
14512
13711
2390
24032
331
397
19472
2558
18423
22924
29704
27971
14524
23352
1500
18285
5744
22725
16502
3431
14564
31147
21785
28259
16848
11040
5165
3773
13438
7258
6858
5264
23609
17025
19718
25108
11637
8310
10495
6590
3515
20038
16039
18453
11867
31852
22610
20310
26063
28362
8193
28871
13297
11110
19820
4059
23773
22757
10449
2827
18084
2248
28287
18031
1461
26984
24353
17438
17420
7090
2251
26187
28440
10403
5318
14108
22637
21122
9756
21065
13614
15841
5346
19577
10296
11857
4680
13405
17167
21224
354
2440
10633
24180
4275
17685
17468
26492
24702
20471
11688
19450
16845
798
17957
5339
23102
3407
6795
5426
14480
23232
2467
16704
9713
23158
21584
31013
16389
15711
1149
17250
10166
2863
22214
13078
20670
10491
4838
30196
15862
11670
32483
17927
13916
8111
22779
15141
16101
31143
1100
14388
25864
3891
21575
28704
9735
12470
8915
16024
32507
10331
7488
20619
29095
27894
29682
22630
2553
9880
22730
18954
12383
24820
30803
23183
21712
1909
22961
16315
16021
1819
20810
27456
3291
12825
29233
15801
13306
16688
10839
28003
899
3785
30064
7323
268
26581
21158
23579
9146
3685
26881
5364
15507
18952
1681
5707
6017
8680
26208
17107
8485
7331
26907
6670
7521
8682
11386
6467
15012
23004
11637
12350
3572
9760
24869
17866
17341
4292
28794
2031
4443
19673
674
1004
13161
9419
16948
16883
1223
29313
2336
24743
31341
32056
24408
27734
4083
22815
14394
28150
28892
9395
6852
28129
27302
16345
8310
26192
29586
22717
30470
24985
21043
27244
20678
16424
12729
2355
28630
25151
12027
6327
14345
12653
10822
18385
29592
17871
27111
28207
13961
8970
22906
10156
3293
18692
29169
18794
24444
5221
5731
3253
15329
10961
29082
2967
27269
28386
8283
27451
13
14311
13427
20482
21810
18782
23686
30567
4468
17971
15511
5011
13438
7095
17238
17599
19032
8287
2093
19534
13903
25153
32265
21926
16548
24910
1769
28882
21239
12624
13351
6873
3953
16291
16265
28635
11956
14515
2311
25329
20612
18745
9562
6082
11058
14132
18761
14821
17868
3753
7603
28155
10502
24091
18523
14471
13031
16074
13686
30356
31027
9387
28150
17413
26268
12842
1684
27578
32423
2978
29600
15720
29791
26264
19848
25909
32701
20667
21034
8470
7634
27292
11993
28649
10170
4653
24369
5713
27713
14587
11419
5461
14418
25131
6815
28344
31268
1078
19437
21270
27426
19044
11305
5571
27806
29194
27257
611
822
16259
4304
28745
7426
18159
17401
12176
3715
1198
30819
11260
29259
411
10159
24974
22380
32520
21242
32489
27297
26238
24042
20839
1599
31025
3706
22266
21721
31557
15750
4549
29366
22211
1046
31094
14836
29273
29034
9833
9592
14293
5577
4734
30365
1632
28170
2998
2456
3194
31711
13456
1197
17849
5861
11814
19987
6209
17004
18438
29864
19970
5126
20945
30549
26037
30417
27286
5951
30612
22404
27116
8370
10716
1340
16081
22222
28931
21252
24646
28143
6073
17958
11174
16606
19105
23860
19658
11449
9164
15317
3039
16290
29178
18257
7426
9770
14223
32730
19872
892
7510
8864
11152
8265
21753
24723
493
7287
10044
13814
18357
3977
10749
11944
23587
17356
23020
9009
11468
30791
5130
14991
8571
21856
10979
15551
27086
78
5002
522
2189
31042
26201
2836
14541
12373
12134
3494
2249
32048
19140
566
18043
25981
18558
32316
6654
24081
5204
26420
27043
29398
23859
19057
25557
378
30838
26024
19117
29401
15583
11320
23892
7979
4435
21818
31516
18669
11097
15949
23645
23184
14673
12062
32017
21220
29812
18874
5423
3139
22159
13203
15048
19069
28543
17235
2530
15239
5739
16228
28184
22242
29380
31036
27118
18381
6398
20841
30709
20010
14091
28768
24994
16944
3228
16389
10223
9942
11030
29178
22959
30459
14678
7848
29618
6485
14117
18702
9884
10016
31866
21324
7814
29058
28786
12270
10322
29120
13328
23545
20686
4131
15540
28088
22928
28072
6749
17475
8075
7274
26014
9172
20341
29392
4449
19145
985
25974
7263
19320
10491
5085
24155
14007
17007
29649
27937
25382
28280
18334
21826
23875
17185
19186
8844
19499
24861
17040
29772
22321
22624
23226
6467
22560
14970
91
28521
26192
30390
8440
867
1643
23542
32085
11206
2813
23628
31463
7177
29117
28249
8189
11084
18845
10342
9900
19147
28051
28996
21119
26656
8229
25315
29915
14140
21431
15029
19508
8228
11156
29632
10738
19563
446
26245
2849
4211
32118
2709
4059
11362
1674
13804
32117
8422
8545
30228
14188
5033
32711
24314
23310
32659
21113
27535
27112
11459
10096
19486
12019
11339
24814
15984
19069
21421
4425
19361
4313
29721
18298
1984
10182
18788
6245
12074
3744
23752
28902
15779
32072
22366
31903
23353
17876
92
11652
15065
9463
25358
12323
18094
11567
22678
22708
13885
14513
29027
21733
27202
3604
31346
11874
10824
9151
6727
27174
8202
11796
16810
20612
11404
25689
27682
10740
29433
10347
27699
31902
13627
32033
16214
5800
24156
30593
9660
28992
22176
5797
31171
14440
32094
11883
821
901
25762
20704
16963
2725
10885
25194
28228
25747
3143
17591
9261
6557
3889
17513
207
5920
23341
13694
8916
20440
8993
27265
20599
5353
14096
29298
15622
29612
7152
18806
10777
9274
17737
26686
24720
21691
19602
24121
15694
23916
16971
25209
19895
10609
29913
1894
14314
24672
18726
32037
27326
7305
245
3782
20862
14855
2821
17968
1893
2696
14573
25292
18136
31196
30386
3828
4197
28478
24617
26
17791
30565
20496
28088
13047
842
17642
2811
18234
18360
14238
28463
28749
2453
16334
6377
23945
25330
8696
30710
8470
19668
9039
10759
27944
31168
16215
22040
26876
19720
6979
21157
22929
31448
21262
652
6695
7424
31835
5312
8313
18559
31502
4788
2233
28627
934
27009
25935
7683
26465
23005
20050
22120
1550
31420
27843
9535
432
15043
32140
11504
4055
3185
2107
15388
1214
10509
17789
14441
29733
5709
29021
27149
1005
23243
1338
29723
19573
3368
5514
1424
25271
10749
20305
3869
26657
23686
20831
2482
15412
9741
23884
6607
11230
4120
7220
7050
15000
21842
29491
25439
24895
11578
9119
16314
24243
9869
13064
1862
30258
15476
22257
16371
14194
4717
24651
10953
11392
763
25269
16496
2395
27917
4982
27259
14671
27696
7222
1400
26131
26483
23935
30648
21666
8990
23799
26847
13274
16658
23387
26154
14549
23550
20027
32643
9483
10567
14712
10566
4644
19892
9341
28369
8094
20701
10048
16846
24099
23377
19191
29248
5287
11146
15003
6990
15173
28049
32542
4306
18391
24945
17259
6561
10327
31837
23585
664
1785
28832
3855
22123
13316
18505
22127
17965
20852
32402
7139
3743
7249
17428
10033
26168
28621
22957
15549
16376
24096
11821
10186
28397
31524
10947
11376
30338
13488
23082
7516
5003
21684
22163
4426
18960
2329
10833
29763
989
3414
3911
28823
3014
20946
14609
27546
29114
15613
5621
4638
9103
25132
12936
12468
18055
19000
11296
21409
7589
10710
24061
27298
2226
8629
13622
27744
26638
25690
22373
13745
28983
23995
2066
8341
16411
14493
30944
3819
12574
23981
28793
25846
20457
18529
29755
12180
26360
19852
24735
29240
31714
12228
7277
22700
17511
7540
21154
18569
24636
29887
24349
3697
25493
26907
23052
8979
32374
26282
28184
17372
19642
20311
25939
23421
6880
28085
6365
30242
11161
14743
12122
15724
18962
19055
22036
14386
13569
4968
24815
18940
11889
17729
32016
11835
15438
29167
25164
27466
26032
19954
12114
31013
30951
11123
23705
6124
9803
2851
29191
4629
31680
24274
27494
26228
3339
22993
30599
5612
21720
27401
32308
4339
6791
15576
6359
199
26810
22191
27115
26738
24736
15468
32550
22910
30206
10104
10851
14457
24578
13728
32081
19751
19143
10676
21470
6794
5543
6626
6497
14994
10820
10192
13450
14756
14421
7803
17930
11725
25138
4562
9729
1475
9758
23569
19499
19359
4182
5342
3786
22364
477
24102
25683
11535
6149
8886
5080
740
189
8857
56
10972
18334
26932
31240
23624
26548
2338
17472
6405
11788
14800
14246
10869
14594
13016
12539
29248
8263
24862
13798
2767
4533
20909
31908
29573
28370
28239
17005
17595
14118
26606
7333
10114
19261
27309
12488
3352
21626
30662
32530
25126
23970
290
11249
14783
26660
8890
29739
11289
2601
5552
14287
25865
24928
14636
18397
7744
26247
19703
25269
328
28088
14810
2880
11580
24441
948
9952
23626
30337
16734
3608
25834
3659
13887
31739
4827
20061
27054
2134
5090
15957
22539
6300
29762
3768
6555
29590
26362
8826
6951
25543
21953
9549
17492
5280
29890
15018
10177
5736
22039
4512
6371
13545
14599
26975
17311
3291
4352
21123
8620
3090
83
14626
27047
18535
17073
916
21491
22886
17257
20997
20823
8380
23391
10939
3925
11614
29388
7976
26187
9594
695
13743
3404
25375
12855
9270
12220
12203
2917
10096
16557
18936
1059
744
10236
9029
22160
30156
9515
32486
25927
12415
1021
24747
10074
5852
32468
30226
22545
23371
27338
26156
26210
16006
2449
13391
24624
41
7435
8577
21828
19451
6312
14495
28172
12287
3203
29009
12822
26425
9788
5550
14922
1344
25492
22190
19178
20104
21194
15187
4427
18796
31927
22167
337
21502
21675
28692
3755
19087
18950
2933
15828
2813
22422
31392
18629
24767
11444
26273
21370
9649
19485
31573
27691
9120
15505
8667
21319
661
10030
30138
18224
20450
32649
24786
20409
27117
4497
2564
17761
23743
4388
673
4172
31564
1902
24211
23301
16768
14854
9038
13558
19214
26567
14708
24739
27384
30574
19787
18857
12253
29688
18911
24186
24837
29369
23286
18901
16429
16188
8632
18440
7187
26846
2075
5093
32706
3625
24336
10118
2715
497
13167
19648
15655
9777
1443
14696
18078
6307
20501
13128
7990
3361
2137
30687
31533
29118
1819
25564
25237
14499
712
5721
31203
25515
2300
3032
18229
11710
8878
27902
103
28142
3869
3345
11732
4179
16761
21555
11756
16551
3410
4444
25978
8864
11713
28697
10418
13329
4953
3590
10494
13503
9419
27660
29573
12292
24155
14171
19583
1062
31750
9766
29500
885
6768
25633
6893
2854
31375
19132
9273
11250
21530
24860
25472
16494
25263
24542
32749
3369
6599
13451
14142
18055
11098
16601
4691
6240
19793
20903
22136
2904
27056
2486
16242
25596
9600
15401
20043
22433
27261
29371
14557
13053
24452
7106
17953
20098
31675
7143
9013
27774
8318
16290
32047
23796
26125
18552
27556
824
1782
4596
30710
6476
5699
2663
19809
19709
27748
31583
24004
4797
30427
24040
1841
19007
22185
13957
1587
4309
31100
13548
16610
23945
6549
4997
13991
17149
20603
29345
8400
29443
10337
11130
4051
24571
22616
22255
4450
6128
5941
1020
11058
13681
12608
23035
13963
561
19617
8860
26768
10078
2187
30629
4940
1985
25381
4202
27520
8090
4669
27404
24367
1593
15020
19825
18661
27996
12935
23047
3019
14924
14858
13368
25708
5302
22341
28843
31301
1866
16516
19777
32271
3605
383
27850
24779
11935
18246
4747
28562
30148
32491
6512
24601
30547
13037
8977
6662
11112
21351
14951
18678
17801
21757
26187
843
24963
21121
26546
4534
8707
7529
8106
9096
7411
26866
22803
31672
12698
31760
29214
25267
9330
5660
8583
26855
7368
29244
21394
17934
24598
5521
23239
24890
26400
21540
28780
19877
10449
14478
16583
18486
14035
14953
32528
467
2032
28537
15672
17001
3115
9114
861
12476
26269
873
25352
19183
26897
17842
556
23507
11615
32669
23007
30960
26761
3991
9429
21844
21399
19202
14753
29982
17970
23195
19628
3528
24323
29103
22001
7992
21961
19453
5758
4486
21308
7786
31146
25483
27301
26215
19991
13870
4410
17443
4710
16494
12091
19312
20925
30767
9933
30581
19450
31684
27801
11545
26036
2112
3620
30762
7158
2172
16876
28497
30650
2280
23880
27318
15655
7187
19453
31091
21130
31736
26015
16826
6934
29710
15534
14277
16732
24590
17260
22401
11656
19330
25215
19705
9057
32274
23883
14211
17406
142
8205
29613
28489
26298
21432
6119
16693
27101
21392
4077
9919
8200
24711
762
18086
23591
11866
28846
14825
713
9835
12476
20485
24495
31837
16723
23275
18454
28786
4178
16067
5572
23460
11051
16739
18132
24964
402
21902
20034
25558
9966
24044
24886
5098
15997
9165
19729
15800
32325
32158
8760
10435
29886
24871
16291
10922
32065
23946
2852
18318
3886
14588
25208
31784
21472
11840
4367
3493
12114
1512
22171
31560
10126
1867
19034
28094
22233
32069
10020
16448
21664
19121
19508
32619
16673
19111
32438
31199
24537
30838
14356
16025
27824
7008
3329
9489
6119
29208
31042
15123
21693
6652
7231
13406
26340
11794
12877
14334
23207
22980
22200
10089
21464
23388
23187
15196
24443
12862
15425
4723
13363
29927
3007
3467
3440
2729
18359
5591
3414
17699
32580
10437
20844
5506
17542
17806
9737
22907
15333
6303
1151
31748
21542
171
18436
26069
29487
18829
17764
31138
9114
14559
12649
6165
3836
18522
518
26509
20722
10740
13894
23449
28399
29107
12535
14387
200
339
4629
3260
22012
4507
15096
25275
9157
30079
26941
7253
2016
29430
5238
16012
27675
19865
31377
9016
5795
24321
1801
20165
29450
22749
206
26034
24603
3285
10997
32197
3678
22050
17439
18190
15209
234
4267
18594
21997
19293
23451
11541
22140
23696
6727
23220
22811
19740
7876
21383
17292
7542
1298
6410
1112
13836
18183
4005
13982
19749
8959
7665
13982
20085
16705
937
29445
8323
17456
9330
1782
25531
12086
16971
26844
1874
20592
25554
14834
20446
6425
25148
655
11185
4280
23314
26418
28921
20233
428
8786
24984
10413
3183
20194
4292
31376
14790
20390
1630
16414
10465
24376
15379
24613
560
5337
20533
23688
11166
27129
2647
20649
1166
3204
3498
27284
26006
2546
21786
19180
24574
7949
21800
30614
30966
14465
24454
19751
23707
28710
9332
6926
17576
4876
28125
22145
3836
31818
28720
4136
16336
20614
19712
6284
27572
26180
9050
32574
17742
26352
18922
22727
19154
29865
3789
30547
20288
24787
6451
540
23393
16219
18620
6040
8831
25289
11920
26209
1767
3335
31804
26856
27167
24819
1104
12250
17640
24742
10425
26446
17138
1154
21215
691
24161
14078
20861
15228
14084
16689
14404
20104
8528
29727
7471
9299
10526
6855
20388
20447
1065
232
25936
4192
12357
6807
14527
16810
14688
6274
13758
26459
25402
29953
3953
16072
13028
17890
15411
936
5114
24305
21296
21378
5535
4425
10180
23512
31549
4958
16018
16145
7418
24006
30821
23591
21497
2250
3782
25877
28245
30384
15969
28670
26334
22214
15128
28445
23697
19758
18916
15216
1497
19309
7280
7716
7048
26034
19060
1215
30612
12518
1234
19471
25489
30071
24177
19926
21234
17124
18141
7474
1280
12297
4763
7630
19094
21544
11597
25035
27553
17595
20875
31340
26715
9212
25211
10116
4674
3120
17206
4511
14555
25527
18395
31475
26152
26069
7279
4869
26346
27710
15739
22811
6807
17763
24163
14693
18202
9087
22920
20714
27725
28768
1565
1075
21302
4598
4042
21690
21765
27549
11266
8465
5577
10282
18725
15315
12022
6327
4949
1355
1431
13359
27416
29670
18515
920
10674
14169
20769
1827
20288
25233
26315
24565
30356
18527
6692
19123
10964
30432
15112
14032
31441
32173
8472
1686
26152
27336
17458
17397
27
10817
24755
22031
25645
13483
9068
895
22655
14402
6501
19821
14829
10457
24404
28499
3560
25221
19675
3980
22033
19212
6021
27809
411
7691
10623
4947
6237
20457
10262
26984
31674
13183
26100
6454
22833
20100
15642
10736
10947
2234
3228
20659
24840
8666
22048
18000
4880
6720
14101
11735
20474
31318
14770
22504
28246
9410
14773
28345
30012
8015
22744
22246
31529
32412
16147
20732
5789
24711
8853
10180
15477
8535
21376
30543
10248
14251
18279
22726
10500
25382
24712
32494
29447
6616
27849
3966
19197
24683
6260
17697
11836
30994
20658
9801
20320
5425
20937
23737
1256
30156
23829
31185
1421
9905
21191
13208
3686
16485
11105
26251
20157
23760
3309
26664
13743
10920
30720
30265
32133
19357
18546
20193
4309
26953
1498
15720
9560
11478
16332
10182
10378
1389
29138
26865
23044
26978
11051
998
12185
32288
30278
31610
24370
21206
15356
23262
10858
6622
7824
15091
18408
3314
2152
20563
1664
26637
27274
19995
1545
10018
26325
10618
8700
29312
25092
2555
27089
26112
14690
29330
17178
7924
6221
28520
4444
15567
10605
21606
32688
16532
8114
22659
18462
30464
21263
6606
5300
22902
27896
22074
22122
4527
24732
25901
11702
3102
10978
15815
16621
17700
5669
5618
7264
15608
32176
26158
30770
15956
19704
24090
32763
25568
13980
5569
30750
2143
24349
1962
23786
3484
30557
8094
22387
9746
729
27191
9262
3422
17830
12589
18255
23397
5677
4192
10979
24133
3750
20389
684
9981
23125
3409
4544
13531
6791
1414
11744
27561
8011
576
7321
16534
28657
16414
9757
18918
24388
21489
31199
7513
10118
23814
16624
10588
18992
4147
31260
29938
12134
26532
31683
29281
16700
867
14201
20636
32427
1704
7005
30580
16977
32230
11578
6781
14572
6546
15199
3777
17301
18865
16190
20263
16828
1576
19911
23457
32487
20419
12674
24345
16426
13827
2671
18457
11621
28072
3998
16444
4672
17409
20109
11864
13031
31478
1092
12137
12422
22994
27698
12860
14723
32465
8390
8672
382
15725
27085
19148
15626
5481
5262
26320
7464
3738
12711
31677
1672
1400
21669
30931
126
13416
12646
16111
6085
1479
13103
32625
12535
31414
27021
7662
1736
12968
26348
155
20486
24492
27897
31604
18769
13179
695
16943
7834
4417
20579
3300
28764
4140
23817
23417
28829
6837
2530
975
21411
14001
26484
30382
4215
16918
16488
26481
11547
12430
30250
17009
4746
5566
2883
7730
9332
2131
30582
4944
6326
10705
8604
10023
19099
24346
6975
13637
1493
1473
31225
913
1337
12812
27275
27960
8510
16843
22972
20571
27187
20443
20216
10873
10819
21625
21668
3998
2859
32328
2626
26697
23477
4128
15433
8734
12539
20380
7618
16208
24413
20578
32674
28876
1855
10289
8682
10022
12675
22444
31361
17988
14282
29672
3532
26573
29802
23735
13587
22607
30253
2994
28307
15154
13263
18440
4963
352
31542
19209
3847
7858
6255
8562
29910
10777
28781
21878
3852
21649
2944
11665
17326
25286
19350
3084
27425
5507
18997
15182
29833
11486
6708
13033
29666
29221
26940
8544
30177
29831
15618
18106
13704
25730
18498
27592
3979
14864
4986
565
20326
4497
30060
14674
12859
27511
5969
5023
15213
15027
221
18712
14077
28131
26615
582
1447
24376
16437
14337
3771
22312
17945
17413
29629
3545
525
28220
25020
22345
32544
709
7282
26173
12670
15559
7969
20975
18609
4601
28456
19062
27034
10989
31847
10229
3117
5151
11097
16516
30960
29633
25834
12510
8753
20548
18461
975
21770
13222
22879
25691
32278
14206
19368
18094
32240
17865
16215
13256
18799
6770
4810
9189
20900
20899
8384
5037
28560
3790
2160
16416
20389
2170
23397
13631
6403
1230
19744
7035
19567
4830
16492
28639
5907
3257
20095
4860
5368
11823
9173
23192
16196
19554
20172
4629
563
31252
23552
5539
14038
9386
23652
29733
31886
30211
12581
17380
11848
1787
14655
5622
28534
11965
15579
13420
3280
31436
12911
5950
11471
7121
14740
15351
3046
21282
26534
19489
16511
11542
16926
15982
17081
5131
687
24235
13282
2100
290
26725
8630
2083
24305
8280
16725
30234
20646
6300
24070
1553
8433
2958
30638
135
18828
31103
19726
26121
15823
29983
19903
16259
17170
19111
12271
10058
29382
28105
9689
22245
16978
23129
28422
17823
11439
21432
16709
9165
22978
12036
17771
16095
24444
5121
9163
6697
30900
24774
23668
18543
19903
7207
26413
21042
10965
8934
22321
13501
16419
31641
32427
17902
18351
32089
19952
2245
11504
13615
27262
16046
4649
13887
14776
16782
20361
16562
23391
29328
18436
27493
20432
18860
12271
15443
17920
20988
8542
23491
19767
7870
6718
20017
26255
1320
16433
24829
12844
9967
1580
13781
13368
6550
4051
6371
28070
13943
28303
3511
17570
24466
5237
16115
30938
17689
6358
15545
8047
30647
10918
13781
25274
21412
19597
6057
447
4202
14031
16604
19314
372
31452
12994
4524
21339
17590
28041
20459
20976
22023
25385
460
777
5886
11530
25930
8716
22765
28786
9396
18493
9892
7605
9328
19911
16011
30234
28785
12172
4737
1167
1401
1452
27000
29965
29200
22231
32461
30409
2880
21587
15208
5408
12565
19148
25752
13119
24279
21471
23723
5781
773
5221
20816
11258
23314
4991
29614
29596
20191
30310
5696
16302
2043
11504
19575
12751
16540
23265
26637
9019
1629
2551
28714
25523
27829
28851
28218
31533
27451
23017
11401
23100
25500
30983
17059
9533
2904
14117
2926
1607
13631
17616
24835
12752
13999
31894
14929
2591
25738
25169
1649
3446
25594
19252
25030
31483
19172
31383
220
23146
19501
16258
27902
21117
27567
24315
28309
31254
30202
22288
16707
4146
14283
18083
28099
18062
12620
1528
25983
2839
16657
15359
15342
31762
718
31842
6580
29456
24026
14927
17783
21135
32612
7170
24194
624
15479
31513
9500
18205
6063
7575
27814
24438
26297
29621
4983
5504
21388
26221
7288
11724
13673
708
18046
25001
32147
3546
15722
20489
13263
19890
16643
4404
16026
4802
23950
22830
29485
20026
4659
21737
10545
16661
271
11819
20034
4064
1304
25149
13605
18253
18868
22361
7370
7543
16409
23761
11008
31730
3683
511
22266
7834
21622
28656
32645
21273
25242
12751
10503
9525
15823
6163
7991
991
3573
8808
30366
11003
20893
7263
10705
24048
29612
22740
20075
16112
7862
14371
7629
20228
27156
25866
19861
25311
15563
29788
29663
6239
540
21355
29502
6370
3050
12595
10872
13390
16080
20038
25605
8415
25599
24443
16710
27567
15576
28502
7558
26119
13389
27190
9393
7015
18935
16705
6614
7255
4855
20496
2398
10732
27791
28953
25354
3609
15484
27872
14254
11451
23321
12253
5807
6498
820
29484
18238
15840
25519
17399
22865
23956
11991
5540
19046
372
17284
19133
14839
6363
19445
24739
27068
23320
28264
10738
1443
13746
27516
17331
28560
21373
17991
12613
2772
2142
21047
19208
17263
11741
17065
27598
19718
15471
6219
2306
21922
11649
2098
8598
10286
29252
14522
12206
31407
2875
28705
2318
25665
3206
4322
23108
14037
6892
32723
10389
14508
11690
20478
1704
31122
8445
20543
26612
16347
25969
22178
16107
18719
22504
25977
20964
23221
3689
1600
29385
24048
9646
30258
1413
1052
23404
167
298
11830
352
9012
22502
5231
5406
22401
29092
26975
2201
7912
9601
29961
1905
11219
24053
25491
17663
17618
21438
17346
7970
15743
2955
28983
8648
8466
622
26219
14140
27331
13567
12908
4401
26595
27983
3669
5778
8121
915
20110
25095
23837
32141
11209
7495
13782
14521
8119
17696
11188
2877
20878
8776
17262
1934
20028
737
11577
20193
2152
206
23340
7768
23597
24760
8535
745
4757
21982
15261
24590
8407
13985
21845
13615
8017
28107
28324
19919
13380
13475
15256
18552
28241
25009
22789
8295
19127
22609
29472
9720
25418
25850
14813
4560
50
4684
16136
7884
2409
17115
6693
22189
5106
7101
28169
32128
1754
3029
11317
18382
5104
31710
12789
18312
67
29495
6973
15281
30816
15729
26430
11977
27720
23704
19147
4093
12083
21573
19567
13072
22280
6496
1610
25351
6039
12981
10672
29591
5532
22078
8319
32079
28020
3882
26692
12421
27036
14513
781
27394
9455
22935
6668
31853
5276
11393
11760
17784
13800
24827
28931
7628
23465
24901
9988
11445
22398
10465
9922
8333
31439
30685
22909
28906
11144
28384
21500
6023
2196
24567
25966
27635
23068
24605
14337
3579
18812
25996
24388
2776
7433
32454
28733
10521
29574
28258
32586
1871
15199
14231
8120
31098
25003
26506
16676
20790
29924
10071
1685
31909
14179
25313
29527
10267
23966
4186
2454
20109
29730
25745
14014
25783
10574
32767
10644
2831
30421
24719
28180
29292
26353
9265
27401
24438
29032
26653
7535
30924
11328
20711
11656
19448
19521
1863
14784
13588
12591
13734
29506
5432
31172
21096
26710
939
23407
17148
6273
26053
14799
9125
11867
6565
14830
16389
31534
8088
19774
2158
4179
28228
28756
4073
4685
23960
6502
24322
8610
21620
4742
10073
30077
9495
15259
9194
1029
17484
28708
12823
21627
18260
3244
28538
22294
21650
20493
26733
24222
29433
5220
9046
6090
25654
7128
5299
6746
30108
27914
18409
28660
29651
31578
18636
11456
11584
5856
6637
30146
12083
24613
17319
4346
10708
15269
18408
23357
9931
261
1728
16338
32432
25108
24491
3532
14649
17795
7071
18218
17437
4452
27604
17839
11467
8549
2390
20866
18636
25801
16715
1414
30968
24618
31236
7543
29532
3824
31942
2505
16359
24719
4183
25921
21463
19845
12359
10320
30694
16399
27908
13874
25907
19630
16539
8139
17650
30301
25679
14396
32467
31375
29403
22344
563
24810
25479
25962
30213
19142
10733
3506
31615
15972
1672
12643
28548
27118
21505
31054
22228
6707
23866
8428
24821
24863
2070
22334
11744
10235
24847
20837
17004
10602
21365
27393
22395
3871
6791
28746
28647
12127
14131
28143
24874
9786
30381
8881
15055
18057
21938
28351
14492
7846
19609
23760
11132
3310
20510
8450
1327
8184
4846
10614
29360
16018
21490
7336
12650
21375
17755
24975
2841
30963
22642
3448
9345
24522
31261
21411
2770
28300
3120
21146
11222
21538
10105
23381
9440
2644
29322
3599
5237
1034
6468
26854
23223
831
12584
9269
29845
21188
5725
30897
23988
24506
3457
11078
9500
28365
13872
31407
8355
26928
6741
19160
27418
32093
26163
10739
6457
3978
5426
2908
20811
13802
8042
21549
12696
15529
29681
5537
12695
28068
19429
4394
27088
6124
8760
25168
28307
4857
23614
27216
10587
14766
28408
22896
23807
6416
3358
29219
16542
20166
10734
25058
23880
21328
23735
19396
6765
11271
28964
24803
9478
16601
12361
8815
7557
20928
11887
10639
14461
18439
10655
4347
15889
24380
17649
23642
5150
25076
11410
31068
16168
30273
28310
13975
1541
13812
5251
19491
9291
3731
18841
20980
14203
9497
6627
16378
21226
14704
5630
21498
26227
17839
26540
31018
25566
21779
8984
3471
20239
20159
24807
8471
9454
12339
27907
2678
17690
29582
5670
28097
19021
7556
27176
4299
32141
12061
27401
6467
20504
30515
2238
4234
2061
32681
27580
18773
3034
4715
23621
775
30825
4650
21109
26315
28170
8917
31499
14965
16414
24022
15609
25878
29577
3601
2986
8545
14293
12189
4629
31168
18214
12096
646
27190
22754
9645
5927
17395
4892
2684
3921
11961
9925
6893
13717
25585
657
28765
14984
32652
18603
644
28754
667
29464
4468
13045
25517
21227
13137
2398
18668
22062
465
19246
18422
16523
9074
22341
18300
17086
11390
10003
24221
7355
5056
19101
19968
13982
14084
6481
28339
23638
11088
9099
12999
2065
21731
12515
5031
26471
753
22333
2621
1862
2844
30350
27843
21152
8370
9582
20073
20438
25513
23139
15532
18658
25435
24039
30320
19015
4354
20799
30947
9402
24049
22011
32274
23949
408
8779
18760
14816
9013
3592
23851
20614
25435
25726
30612
20152
292
1787
28465
23420
5941
11289
20189
17875
11382
18378
19130
27045
5262
26664
27412
30573
23585
4858
2293
2724
15561
28678
30856
15087
21717
19481
32046
5128
7876
16599
25442
8300
25728
3395
23629
29385
10842
27405
30504
23078
19913
27807
21590
11472
21474
12262
28221
22024
9111
29152
5096
4718
10159
20202
29022
1835
5257
15303
16831
8162
19856
880
1828
24404
9853
21918
25652
3797
31824
12824
29574
30834
25100
15548
14522
6111
23861
17999
1878
28195
28170
5638
31586
25602
24450
16337
24514
26414
6921
4970
7766
11820
31735
28704
5587
20232
24277
2404
29023
5304
26702
26640
24047
16209
16375
13435
14689
6891
15039
5437
5976
6485
12596
11971
14299
23161
32123
3985
19373
20366
23820
5466
8810
25856
12849
5826
7782
24351
24894
24045
2629
21897
17806
16335
11354
31064
31297
23603
13248
4620
29367
21128
23354
23863
7883
30574
24012
15595
5840
22276
6422
24803
2892
4080
31091
22132
29815
21291
3029
11058
15729
5266
20830
3681
26439
14380
12479
7458
24484
18492
8529
17754
1879
6
27637
27489
9352
14178
7596
15983
15546
31490
2037
26567
4736
23938
27370
161
17151
19764
9497
31448
16167
31401
1315
26712
7344
7168
6423
19781
31446
6382
6028
26860
30421
27537
16000
8554
27684
16884
17396
32286
31857
11361
13379
23760
7007
25706
23110
19870
6658
30902
3370
16810
28182
27020
12
30853
12547
545
28505
22618
4753
31393
18408
7386
15211
12031
9172
2283
23381
30333
14619
1808
24365
26619
5624
25751
2723
5887
18176
4996
29111
5512
17150
8000
3575
18066
14480
16385
27510
19817
6526
14585
10635
9646
32733
27966
19279
12330
18664
22396
5076
16470
409
20572
27173
30374
267
20403
258
29593
19599
5227
15960
12162
8592
24370
7810
787
16679
11236
3906
11438
22909
5561
32382
24172
10468
21038
6330
8425
14004
28340
29529
5846
15847
15643
7827
27964
9588
6845
23349
1169
8812
32362
28700
7804
24533
30999
23407
7272
18505
5445
23455
6858
19790
16691
3104
30003
18548
12227
4580
32533
21041
23597
5020
32085
10877
7269
31150
11412
3884
28237
12789
24637
7182
27547
29499
1615
4295
4232
15478
7144
6256
16702
3014
24213
28394
14846
2346
18011
6
22036
8454
5252
23639
22908
19029
811
8145
10578
29870
24967
9770
7930
23032
10487
10477
25107
12268
22225
9054
29981
30031
5866
6161
24804
22253
2789
5193
10932
26708
14908
3345
315
11350
30480
29212
19516
10556
17328
4702
2809
1226
1259
11878
11614
25591
3350
21634
21485
2665
19420
25233
8813
30130
11976
18854
4434
28749
32404
28514
27115
22615
17711
18702
22862
5645
2192
3195
17923
32265
26173
4761
21619
6972
23450
18394
17934
7338
18162
17988
7999
25320
27975
30040
16401
26967
4314
19367
23454
1822
25720
3629
31291
17385
26507
10612
29285
15459
30428
105
1130
21108
7721
19709
1239
9530
30315
28283
16805
3273
7395
16812
3618
5539
3818
24236
8609
14326
30326
22666
13537
18072
13163
23203
2622
20931
11688
16315
19610
31120
15308
32480
28937
27700
10956
2559
1854
3070
12854
31299
9401
30988
24898
9777
22190
31440
20637
32133
18100
1350
9461
18122
32306
22003
11845
6843
29834
25756
12254
14684
21506
9164
7481
5336
8567
19715
22398
11801
12992
13502
14291
7977
8163
25131
29286
28492
6906
26281
7737
3289
23267
12545
28080
2268
1195
22630
25564
28781
16312
6958
4741
24527
24760
3406
11513
11080
22349
12952
31639
14787
19061
179
31770
27942
4027
1246
15015
13428
26911
10596
12181
9122
13766
22238
11774
11579
354
27947
12041
22963
7775
20528
1525
6282
14035
1104
18662
1832
34
5802
31344
18803
32116
19733
16356
20529
31960
23005
12381
10529
15157
3898
2185
13528
23285
20116
20279
24156
6511
12153
13989
12418
28440
6746
18055
25864
1642
21257
6871
18801
13712
12019
17248
5540
26326
29469
4104
4163
7123
5599
21984
7372
30547
24675
30957
3954
31239
11229
18100
25273
24044
13959
28039
10964
15483
19556
7314
25278
27541
16304
6308
28442
15661
27945
20926
29388
3507
18433
17758
20819
19780
10654
14728
31469
28562
24855
7321
24169
28309
15983
5579
7370
19439
5519
4743
23200
15648
29957
23662
19238
28270
3199
1062
20764
2193
32517
11493
20835
25890
7418
1214
4954
7618
16848
30126
19195
25098
20878
23397
10420
16438
4611
18902
2822
19600
23496
12413
11743
21406
24311
26227
29624
779
30636
27443
9326
13654
20032
26666
15841
19516
16192
16128
12879
17894
18223
12457
12398
30931
28160
26922
20811
8835
28242
31788
18405
13545
5225
7746
28296
3726
4336
9978
19947
2437
15217
10149
31241
3346
144
8934
24767
3609
30731
12541
26154
10824
24177
7377
27326
18948
28325
17855
5927
29972
22290
21029
2528
17936
18091
32428
17044
10375
19882
5721
26423
19955
3588
24403
16100
1374
30638
2162
32373
25040
3218
25484
17124
23423
26704
30846
21861
22454
1973
15612
5439
17281
3068
32025
9070
11549
30151
16533
11258
2083
5083
14570
26901
2158
8606
1045
15351
16337
20818
20517
30586
27258
15887
11141
14453
5668
386
3592
26584
4096
26984
26297
17036
17761
2248
14944
776
810
8435
7892
2227
16376
7740
7940
6396
23822
9336
21443
5691
2564
26420
15703
18502
14127
18873
10688
4819
17103
704
13256
13713
19707
16373
9935
29189
24141
1326
21331
13093
19789
17256
8258
4790
3742
25478
25855
22629
23531
16584
22582
20135
23951
20236
8032
2386
17159
26824
19221
31224
30232
195
19477
28168
21695
13206
11540
21154
7645
29926
7497
23101
31903
21598
6069
24571
24239
5743
13108
9415
284
7367
26437
16948
24585
23186
20888
28437
29977
20595
18524
29148
28822
19521
17735
23731
22884
26754
30050
28508
16296
1960
31130
15049
28215
18189
9223
25211
18113
9648
15865
6043
13498
23213
8903
10713
25356
6014
15192
18952
8318
12788
9838
23158
7906
29171
6582
26893
30977
32496
18320
12075
11079
10540
21918
13121
27438
2733
12302
26669
2412
15361
17832
26200
19164
6322
30871
6799
25645
20360
20471
1698
1101
14977
13858
28607
6547
14993
20410
5772
15791
4890
14198
21766
29778
297
10925
15900
10396
2678
29348
6922
5450
16410
5784
25206
924
28942
8842
1357
3335
2151
3789
11612
19359
4948
5200
18862
9538
10963
31148
1192
7558
15670
9452
32741
23136
29529
32288
29138
18329
11680
28320
265
1265
21683
2337
31086
2832
31225
9849
14092
13104
981
818
25261
3468
24995
10704
23611
12935
881
13794
28377
31389
4477
15307
10945
18698
8051
24910
220
21820
22371
29403
31779
7929
22660
411
13496
31056
17835
22077
22723
22593
16265
17534
26381
19756
18087
11131
30559
24058
16675
11958
11416
8973
8232
29674
11409
22504
24878
29071
14769
19102
26359
6699
19023
22012
26180
28767
14794
21110
25179
20397
28522
10706
30010
30218
5877
31126
24472
6695
18193
28722
7328
6783
12637
20718
30061
4385
14413
19090
20548
22587
1737
3287
14227
19306
1413
18576
21677
20931
18975
1688
23107
31905
23546
378
6818
18221
27357
28131
17838
17070
21322
24008
2722
15254
3231
10839
6533
9032
23791
4255
16491
19114
28317
27902
8305
14703
9150
16718
13942
11809
17196
29134
13210
4849
23402
25810
24951
29502
30523
28971
3618
15847
1
18260
15328
24657
27094
16737
4264
1591
1388
17832
16733
2613
5029
10284
29895
25362
30449
14029
23126
6608
7787
23602
28823
5237
1715
1394
14194
16791
27785
13957
18986
28842
3374
31085
7441
25354
4219
5156
23310
25031
30910
12612
7888
25650
13400
26489
975
4907
11543
19367
19207
13608
29012
31194
3956
20230
21196
16625
17996
1424
5951
23818
1791
3024
5834
27820
22255
10776
25605
3255
29935
10702
23004
18188
24701
12795
11054
16380
6335
24723
20519
20082
20288
11394
27998
27359
2663
23675
4270
8424
29627
7807
24532
28626
19928
3119
5325
17833
20016
10195
25581
307
22147
7718
10175
9880
18972
22759
28320
13006
31441
11808
17946
14790
27064
14388
24577
15192
22441
8876
27984
23279
24952
30654
19137
26100
9199
15009
23342
21756
9102
23187
11178
13232
29698
19110
15710
7040
23397
19022
4389
11527
27963
10924
20711
13372
22824
7320
12982
25438
26995
21361
29098
20638
27963
2212
30845
8841
2683
11261
6629
5948
13247
19632
29365
21062
15779
1830
20914
7515
20496
905
16694
1982
12086
20750
3719
4204
6217
10757
27380
18185
11771
27810
693
3980
12476
21641
9600
29865
32436
16667
23787
13569
6012
5251
3205
30476
8096
30591
30642
20418
8149
3566
18762
2060
31739
26654
30961
19694
24017
15571
10804
13937
3962
14359
24936
20817
435
27333
10819
5995
31185
9939
3127
741
9085
21602
26770
10267
560
2951
7767
589
32364
32471
4058
24329
2752
693
26141
5209
7289
15707
11757
28077
29736
19369
10940
31623
29144
26288
31549
12777
28940
22014
27586
382
26747
15015
4693
22410
18826
32536
4248
12435
23437
30619
5981
10701
3774
32681
2052
15686
761
8179
20376
5334
15933
2351
22440
8132
20195
28579
10471
22328
21916
4978
7043
23909
13100
426
12613
25459
21992
23049
30061
557
25328
9618
32331
29039
14125
2516
27805
19021
31753
25845
1196
16388
19441
7809
15653
31649
8844
14581
24504
1651
5304
28681
6002
28466
3145
28609
2267
5612
896
28722
20431
19123
31821
16917
32541
11016
12101
6157
32225
27141
11873
6328
24225
28494
30588
1399
3114
30902
12938
510
26665
10928
6041
18586
14216
15228
14474
22341
30862
9485
10892
24940
32437
2492
19292
4730
28746
14255
7741
27948
455
30471
31929
21396
2800
3789
5910
1002
20912
11418
151
5654
9905
6920
17272
17918
12221
29404
14503
5775
31703
13040
8002
6541
15640
27361
12244
26651
17483
25726
10063
6154
6728
30699
1481
14817
21265
30360
31991
11184
30382
22758
19050
19605
7112
6803
31115
23819
4103
29161
18775
6134
10797
19883
12763
20591
8687
17850
17775
8271
2455
27274
27058
29565
17755
8009
9289
31736
7290
27337
30550
23203
16412
27441
2490
2260
25575
22632
5899
20123
17505
16701
25428
20946
14088
28502
11919
2537
8243
7647
25571
9326
27303
28398
158
9823
23800
19384
28401
22064
26790
7030
20589
15002
20211
32021
29761
14889
14213
28576
30000
10116
5312
5486
15189
18043
29153
32267
23959
5587
1755
8935
7914
27089
11762
704
842
9095
5912
2001
14456
4320
21770
9400
20083
16749
8234
21544
31669
23534
27419
26451
26931
16544
9503
20244
16913
1098
17968
19424
809
4101
223
12395
17978
29134
13808
8985
1264
10701
1459
2603
3992
98
6944
3750
13215
12533
3258
25090
19919
30074
28448
12952
17482
16071
30067
31433
9282
9621
15211
5869
24446
24664
5432
19970
25996
18879
282
14609
5318
17417
5823
13663
16135
1294
4192
19801
15915
5896
18842
17469
21576
6694
20493
12424
21421
4815
25014
20771
19103
20662
29965
2380
11982
15010
9950
12101
17561
2811
10727
6591
15878
18708
5175
6149
19839
2874
9793
16617
10317
19840
26563
17519
13526
26952
13913
11323
24726
31122
8672
14010
23007
14340
12939
14611
10576
7869
29895
13260
26391
23258
26320
1596
2022
23492
9232
27829
32182
2880
27195
13677
10302
